   -1.04060767e+06,    1.25553410e+06,   -1.50108421e+06
    3.70748637e+05,   -2.92189207e+05,    1.43784213e+05
    2.71961924e+05,   -1.06583741e+06,    4.05650887e+04
   -8.89781153e+04,    7.06912892e+05,   -7.54206203e+05
   -7.84959132e+05,    1.07134038e+06,   -3.98424982e+05
    9.35278989e+05,   -1.64071873e+06,    5.59342100e+05
   -8.62102157e+05,    7.48715815e+05,    8.40100863e+05
   -1.24977500e+06,   -3.13851056e+05,    1.41263990e+06
   -7.90082332e+05,   -2.41887267e+05,   -3.38503682e+05
   -1.57487113e+06,   -6.47786440e+05,    8.81981127e+05
    6.68075785e+05,   -1.73606967e+05,   -3.47130882e+05
    2.94053144e+04,    1.90997521e+05,   -1.18386024e+06
   -3.83614865e+05,    4.13260699e+05,    1.75689650e+05
    1.64570823e+05,   -9.68036941e+05,    2.32938485e+05
    7.16400658e+05,   -1.99507933e+05,   -1.25373285e+05
   -2.00137935e+06,    1.56890018e+05,   -7.51596465e+05
   -5.17028035e+05,    1.50178912e+05,    7.87300277e+05
   -2.53072021e+03,    3.46711830e+04,   -1.02504497e+05
    6.69930940e+05,   -3.32171597e+05,   -2.87265323e+05
   -6.52830711e+05,    2.06764983e+05,    1.05809939e+06
   -3.03413878e+05,    1.19182098e+05,   -3.31487573e+05
   -5.40874206e+05,   -5.65486071e+05,   -9.66814174e+05
    1.75589034e+05,   -1.57635216e+06,    9.66893641e+05
   -2.22424505e+05,   -9.30970315e+05,    2.94906453e+05
    5.92459986e+05,    1.59127847e+05,    4.98948552e+05
   -7.69497216e+05,   -1.39656989e+06,    3.55234927e+04
    4.16414319e+05,   -7.12087362e+04,    3.95582515e+05
    6.22671068e+05,    1.46753548e+06,    5.86274634e+05
   -7.30803337e+02,    2.17773985e+05,   -6.42421871e+05
   -1.06273135e+05,    2.99594845e+04,   -4.21406715e+05
    1.67643233e+05,   -3.37323394e+05,    9.86326047e+05
   -5.34129789e+05,   -1.82240328e+05,    3.13730735e+05
   -1.80951450e+05,   -4.00636077e+05,   -1.31891728e+05
   -1.08842039e+04,   -1.04398806e+06,   -6.38317815e+05
    5.47701439e+05,   -8.47648276e+05,    3.61849247e+05
   -2.29981293e+04,    3.12389559e+05,   -3.71822047e+05
   -1.28054703e+06,    8.72751607e+05,    1.58776925e+05
    8.37125493e+05,    1.08774450e+06,    4.20143462e+05
    2.32510363e+05,   -2.97841956e+05,    1.17154596e+05
    4.48249592e+05,    5.55726046e+05,   -2.90131654e+05
   -1.64705392e+06,   -8.73255377e+05,    6.49997412e+05
    7.18500463e+05,   -4.38003808e+05,    6.63379305e+05
   -9.96786415e+05,    1.13491629e+05,    7.65445545e+04
    1.04412617e+06,   -4.53782997e+05,   -2.18097007e+06
   -1.04035461e+06,   -4.04309469e+05,    7.90585746e+05
    2.63686847e+05,   -3.60116034e+05,    1.52551850e+05
    5.92737211e+05,    1.03829925e+06,    8.87954192e+04
    3.01092309e+05,    3.80322414e+03,   -2.56685100e+05
   -6.94706794e+05,    6.35763731e+05,    5.21509680e+05
   -6.32413802e+05,    6.98261415e+05,    1.12634373e+05
    2.00599463e+05,    9.73180675e+05,    9.50904314e+05
    3.93409383e+05,    3.11222546e+05,   -1.19545905e+05
   -7.41535332e+04,    1.84250448e+06,    1.74060251e+05
    4.02888342e+05,    3.92734357e+05,    1.14573640e+06
    2.47206061e+05,   -6.51787278e+05,    2.21619675e+05
    2.29307814e+04,   -2.49833891e+05,   -6.32097458e+04
    8.85353871e+05,    4.31692856e+05,    1.49681394e+05
   -6.54653136e+05,    2.99802427e+05,    2.23062711e+04
    5.19706527e+05,   -5.55507688e+05,    1.19850680e+06
    2.08771405e+04,    5.39892939e+05,    3.27144197e+05
    1.41443707e+05,   -8.98509244e+05,    1.10048135e+05
    5.86129583e+05,   -1.78973467e+05,    1.24089431e+05
   -2.45804126e+05,    2.12650565e+05,   -9.56941938e+05
   -2.43822035e+05,    8.38143488e+04,   -5.62848188e+05
   -1.07555468e+06,    7.04358261e+05,    5.12548882e+05
    4.01103191e+05,    1.14561238e+05,    1.08320629e+05
    2.21694215e+06,    6.74715242e+05,   -5.60915037e+05
    1.97309539e+06,    7.76203969e+05,    9.20330251e+05
    1.88480158e+06,   -8.60009871e+05,    4.88323949e+04
    5.97968413e+05,    4.27406678e+05,   -1.28514060e+06
    9.19338679e+05,    7.40353820e+05,    1.96692695e+05
    6.61641866e+05,   -4.53210861e+05,   -7.58588357e+05
    2.56883309e+05,   -8.83450413e+04,   -7.38623946e+05
    9.18821040e+05,    8.01114934e+05,    3.47357964e+05
   -2.27080498e+04,    1.88329992e+05,   -2.38390578e+05
   -5.30233092e+05,   -1.20906954e+06,    7.63270951e+05
    2.91962129e+05,   -3.62787853e+05,   -5.54246764e+05
   -3.70441467e+05,   -6.05024280e+05,   -1.23974651e+06
   -9.22779234e+05,    6.40123557e+05,    2.46160911e+05
    5.13853357e+05,   -6.84209800e+04,   -9.17884765e+05
   -2.52474473e+05,   -9.82985873e+05,   -1.16034634e+06
   -8.72598911e+05,   -3.72253874e+04,   -1.19048199e+06
   -5.93298472e+05,    3.03037867e+05,    7.86225924e+05
   -1.79365727e+05,   -7.38707835e+04,   -7.87439067e+05
    5.71616932e+05,    3.99659190e+05,    1.61574162e+04
    1.30354346e+06,    7.92410975e+05,    6.79682419e+04
   -1.40563385e+06,   -1.63183579e+06,    5.16416503e+05
    5.19693221e+05,    3.94195163e+04,    5.08978655e+05
    9.80543843e+05,   -8.72072778e+04,   -3.25758406e+05
   -1.91146394e+05,   -8.04810278e+04,    2.57394073e+04
    3.68286156e+05,   -1.99647465e+04,    8.57512997e+04
    3.78148576e+05,   -9.34832250e+05,    7.88047931e+05
   -4.71207396e+05,    4.31838858e+05,    3.70940881e+05
   -8.76947055e+05,    9.39340648e+05,    8.46244476e+05
   -5.82524866e+05,    4.14379638e+05,    1.11516918e+05
    7.78382269e+05,    1.73173506e+05,    2.09783531e+05
   -6.64387635e+05,   -4.34663031e+05,    5.24531827e+05
    2.38528813e+05,    1.63635934e+05,    4.58252932e+05
   -6.24238641e+05,   -9.15427635e+05,    2.78590391e+04
    6.23158888e+05,    6.62702924e+05,    4.47279168e+05
   -7.92824788e+05,   -6.62544162e+05,    1.27066445e+05
   -4.41733587e+05,    7.14730508e+05,    1.02519947e+06
    4.01377142e+05,    7.90223660e+04,   -3.91448729e+05
   -1.19655291e+05,    3.59070230e+05,   -9.23374568e+04
   -1.02093062e+04,   -3.04939100e+05,    5.17778393e+05
   -9.67507554e+05,   -8.68237997e+05,    5.01125060e+05
    7.99796915e+05,    8.83868504e+05,    4.25432924e+05
    9.47636642e+05,   -8.73348889e+05,    4.69768663e+05
    1.44174833e+06,   -2.65436343e+05,   -1.66708802e+06
    9.05444630e+04,   -3.84134305e+05,   -1.58759448e+06
   -3.95468524e+05,    1.41896110e+06,    3.67249517e+04
   -6.07007547e+05,    4.36035515e+05,   -2.97292216e+04
   -3.12828848e+05,    1.65446495e+05,    3.67609570e+05
   -3.31522368e+05,    4.51728084e+04,   -4.62518666e+05
    1.13889248e+06,    5.87583185e+05,    6.00622965e+05
    8.14908477e+05,    3.78056854e+05,   -2.99326089e+05
    1.09042831e+06,    2.05941420e+05,   -1.11828711e+06
    7.05253060e+03,   -4.92649502e+05,   -1.01493515e+06
   -5.66876369e+05,    2.01347857e+05,   -5.32868201e+05
    1.42795370e+06,   -4.33306567e+05,   -1.41617999e+05
   -7.39434743e+05,    4.30934817e+05,   -1.06640211e+06
    7.18755555e+05,   -3.38897686e+05,   -9.16842273e+05
   -3.82315039e+05,    9.28244557e+05,   -6.86052180e+05
   -7.52736644e+04,    1.49137702e+05,    3.36558067e+05
    8.11520896e+05,    1.19078255e+06,    4.13260220e+05
    5.56073661e+05,    5.16658102e+05,    8.14528639e+05
    7.34976616e+05,   -4.30394356e+05,    5.22588480e+04
   -7.63086992e+05,   -1.07057822e+06,   -4.30623423e+05
    5.26709627e+05,    1.52649070e+06,   -7.20963352e+05
    2.81936320e+05,   -1.80441584e+06,   -1.40490139e+06
    1.48407545e+06,   -8.26325561e+05,    4.35947546e+05
    7.38620998e+05,   -1.37128047e+06,    2.27986634e+05
    6.93507660e+05,   -6.00381269e+05,   -2.09814618e+06
    1.91256321e+04,    6.00827342e+05,   -2.57380250e+05
    1.57084212e+06,   -3.27939098e+05,   -5.62581388e+05
   -1.38569734e+06,    4.29423880e+05,   -3.31275832e+05
   -1.39886112e+05,    1.42753629e+06,   -2.73462027e+05
    1.84386864e+05,   -1.12869578e+05,   -2.19280423e+05
   -4.46218214e+05,    1.25521264e+06,    1.86272494e+06
    2.30326931e+05,    5.24077733e+05,   -8.83977479e+05
   -1.02440485e+06,   -9.07672008e+05,   -3.93815018e+05
    6.02684748e+05,   -7.34847583e+05,   -7.19727517e+05
   -1.47198523e+06,    6.50388570e+05,   -1.65012138e+05
    7.55820564e+05,   -1.46994498e+05,    2.34863163e+05
   -1.75839655e+06,   -8.56808277e+05,   -8.11217740e+05
   -4.03495566e+05,    2.11181008e+05,   -2.76204286e+05
   -1.14074302e+06,    1.15055807e+06,   -3.62887339e+05
   -4.68833892e+05,    2.32222293e+05,    2.68441390e+05
   -1.06491229e+05,   -1.09147141e+06,    4.26216925e+05
   -5.34377045e+05,    1.42650486e+05,    1.16589817e+06
    2.72590176e+05,    3.60473186e+05,    2.67147967e+04
    6.32388491e+03,   -6.13667424e+05,    2.80437627e+05
   -4.41199310e+05,    7.28301173e+05,   -4.88129410e+05
   -9.47183981e+04,    3.31724451e+05,   -1.17103012e+06
   -4.04815000e+05,    9.04174446e+04,    1.30960008e+04
   -6.71610626e+05,    1.18354203e+06,   -6.84855977e+05
    6.51068306e+04,    1.04663812e+06,    2.55275316e+05
   -9.77183030e+05,    6.61908497e+05,    2.07001793e+05
    7.69300912e+05,    5.56326989e+04,    5.42595668e+05
   -3.08352343e+04,   -2.80089582e+05,    1.04110023e+06
    2.58918554e+05,    6.82479257e+04,   -2.40975799e+04
   -9.22327638e+05,    1.25036967e+06,    4.16817282e+05
   -4.09751133e+05,   -1.61409961e+06,   -1.36723884e+05
    6.71557018e+05,   -5.38278406e+05,   -8.50166983e+05
   -1.23526668e+06,   -5.67124986e+05,    1.93975778e+05
   -2.17350361e+05,    4.18713889e+05,   -4.30090464e+04
    1.08767730e+06,   -4.31129514e+05,    4.79440525e+05
   -4.76705757e+05,   -1.36558649e+06,    6.12532905e+05
   -1.72659687e+06,   -5.03577713e+04,    5.45558921e+05
   -1.07009302e+06,    3.16244163e+05,   -5.53969502e+05
   -4.50986284e+05,    2.69895908e+05,    5.22613246e+02
   -1.41368440e+06,    1.29580124e+06,    1.90429345e+06
   -6.37934675e+05,   -2.30339020e+05,    1.18019481e+06
    6.02504388e+05,   -1.86565250e+04,    2.52808692e+05
    2.20142432e+05,   -9.34715257e+04,   -6.81928511e+05
    5.07557525e+05,    4.20291636e+05,   -1.06357724e+06
    2.94034920e+05,    2.57842820e+04,    2.16466121e+05
   -2.17956901e+05,    2.36334501e+05,    6.31950050e+03
    2.88039001e+05,    1.05472829e+06,    3.33006234e+05
   -9.73743165e+05,    3.16369628e+05,   -2.04601984e+05
    2.24706595e+05,   -1.24201851e+05,    3.39845327e+05
    1.55339035e+06,   -1.76644434e+04,    1.62510681e+05
    5.62309278e+04,   -1.31402443e+05,   -1.29568874e+06
    2.88314738e+05,    6.33048699e+05,   -9.66952850e+04
    6.79755077e+05,   -1.05205606e+06,    8.46622987e+05
    1.10000066e+06,   -1.39730947e+06,   -3.98819040e+05
   -1.21914032e+06,   -2.33430338e+05,   -8.36710902e+05
    1.89325317e+05,   -8.06405516e+05,   -6.67144365e+05
   -1.23814177e+05,    9.56694440e+05,    2.62908222e+05
   -8.42898205e+05,    1.07969649e+05,   -8.94761359e+05
   -5.91263193e+05,    4.41246217e+05,    4.31747183e+04
   -5.80926979e+05,   -4.80610981e+05,    1.18942817e+06
   -1.39906716e+05,    2.51097349e+05,   -7.96759347e+04
    7.70324302e+05,   -3.70523583e+05,   -8.15985963e+05
    1.19442444e+06,   -7.82605727e+05,   -1.15179220e+06
    6.09030972e+05,   -1.73379273e+05,    1.20884567e+06
   -4.82645925e+04,    8.28780310e+04,   -8.02493002e+04
    1.12847307e+06,    8.44118449e+04,   -4.53029781e+05
    7.57732886e+04,    8.52370562e+05,   -9.86241256e+04
    4.42791848e+05,    5.38578962e+04,   -4.83703774e+05
    5.93510663e+04,    1.76831927e+05,   -7.70145378e+05
    9.23238227e+05,    2.45001637e+05,   -7.90841885e+05
    7.02326079e+04,    1.26516241e+05,    6.43971021e+05
    5.77201756e+05,   -6.02093032e+05,    5.76791538e+05
   -1.75871201e+06,    1.40886581e+06,   -1.90623753e+05
   -7.09499501e+04,   -1.08106837e+06,    4.96681106e+05
    3.55155467e+05,    3.27883809e+05,    2.32628446e+05
    4.45387158e+05,    1.09009249e+05,    2.07896060e+05
    7.98688910e+05,    1.24129441e+06,    5.96571679e+04
    8.52263103e+05,    9.49511281e+05,   -2.62757463e+04
   -3.94877577e+05,   -2.69276043e+05,    8.63510053e+05
   -4.12795941e+04,   -1.14498138e+05,   -9.31918842e+05
   -3.73335772e+04,    1.14148021e+06,   -5.56160163e+05
    8.71821996e+05,    2.45593145e+05,   -1.65877695e+05
    1.07008517e+06,    7.50042859e+05,    2.12527649e+05
    4.28342038e+05,    5.37283312e+04,    1.53208124e+05
   -2.46059503e+05,   -3.21028270e+05,    5.67938097e+05
    2.53803917e+05,    1.49950149e+06,   -1.20918673e+05
    7.24098505e+04,    8.74171106e+05,    2.49428977e+05
   -3.09054238e+04,    5.11609618e+05,    8.85564296e+05
    3.71362286e+05,    4.31661298e+05,    3.32387336e+05
    1.36035798e+05,    1.55365087e+05,   -4.05857494e+05
   -1.84087006e+06,    5.60802305e+05,    5.17221655e+05
    2.86729025e+05,   -1.12780287e+06,   -9.40245350e+05
    1.86639664e+04,    1.23728104e+05,    1.75587802e+06
    1.42488904e+06,    5.33561673e+05,   -1.35673356e+06
   -2.13228197e+05,    6.90443869e+05,   -2.46874612e+05
    5.84285552e+05,   -5.25098997e+05,    2.32639342e+05
   -3.46793364e+04,    5.69207803e+05,    1.96555525e+05
    6.99481258e+05,    1.80941355e+05,    4.95488757e+05
    2.08695596e+05,   -2.52362583e+04,    7.84177277e+05
    5.04642295e+05,    3.61590737e+05,   -1.12375623e+05
   -9.47287246e+05,   -4.75811795e+05,    1.47201419e+05
    1.04357050e+06,   -1.99480726e+05,   -1.17493882e+06
   -2.79062420e+05,   -6.46370108e+04,    6.08591861e+05
   -3.31950627e+05,    6.37379231e+05,    2.43786993e+05
    2.49097490e+04,   -4.32586027e+05,    1.35169652e+05
   -5.07679089e+05,   -1.06753115e+06,    1.11467265e+06
   -5.09542903e+05,   -9.81643948e+05,    2.30478626e+05
    6.31207466e+05,    1.03514548e+06,    1.32435107e+06
    1.60916394e+05,   -6.10406283e+05,   -3.40354615e+05
   -7.22115324e+04,    5.91238631e+05,   -1.31414512e+06
    1.10195766e+06,   -6.85569884e+05,   -1.02889168e+06
    1.56505750e+06,    9.05421294e+05,   -6.17432380e+05
    2.41191448e+06,    3.03990308e+05,    7.49688883e+05
   -3.04783577e+05,   -1.90072686e+04,    1.59831814e+06
   -7.53304756e+05,   -3.12997801e+05,    1.23377235e+06
    1.60429327e+05,    3.46129891e+05,   -2.17006497e+05
   -3.93868635e+05,    1.99894482e+05,   -1.59301085e+06
   -6.72465735e+05,   -7.28429837e+05,   -4.49086230e+05
    3.39964614e+05,   -2.74419094e+04,   -5.58829144e+05
   -1.07755519e+06,   -2.76298931e+05,    6.25565910e+05
   -8.48065633e+05,    4.53437675e+05,   -2.74442063e+05
    5.98970384e+05,    1.16052672e+06,   -2.45981169e+04
   -5.03486250e+05,   -9.35858824e+05,   -1.20189949e+06
   -6.63147264e+05,   -7.28553376e+04,   -5.78027759e+05
    1.55033339e+06,    1.00072756e+03,    9.55951492e+05
   -1.96726936e+05,   -1.99042097e+04,   -2.83311097e+05
   -5.84028217e+05,   -1.02002203e+06,   -5.61854389e+04
   -1.70720872e+06,    1.92918238e+05,   -9.53391597e+04
    4.04940943e+05,    1.44044721e+05,   -2.40790104e+05
   -4.56325424e+05,   -1.31220635e+05,    6.41616471e+05
    5.07093217e+05,   -6.11977009e+04,    1.25893827e+06
    2.90794384e+05,   -1.09837064e+06,   -7.31559488e+05
    1.02597346e+06,   -7.18635721e+05,   -3.94222797e+05
    7.71719997e+05,   -1.02949401e+06,    4.02082747e+05
   -2.82032803e+05,   -1.19293611e+06,   -5.82626248e+05
   -2.16778363e+05,    6.98086697e+05,    8.20742895e+04
   -1.12542098e+06,    1.54516318e+06,   -3.64478875e+05
    5.07645828e+05,   -1.54775759e+04,   -6.74022949e+05
    6.43125041e+05,   -4.05193251e+05,    3.19993261e+05
   -1.00978464e+06,    8.07958394e+04,    1.67308668e+05
   -2.86169408e+05,    5.66093977e+05,   -3.40974157e+05
   -2.01065123e+06,   -5.44695733e+05,    7.45560343e+05
   -8.69021940e+04,    2.66915660e+05,   -4.73968357e+05
   -1.11704690e+06,   -1.22884979e+06,   -3.60467315e+05
    2.26484851e+05,    3.89423451e+05,   -3.05450545e+05
    4.11097913e+03,   -4.03838493e+05,   -7.33994409e+05
   -2.87927977e+05,   -1.33309099e+05,    4.28810299e+05
   -5.61852439e+05,    6.92785159e+04,    6.59168341e+05
   -6.23351553e+05,    9.29600853e+05,    9.59998798e+05
    3.10470393e+05,    1.24259304e+06,   -4.02080916e+05
    4.54211543e+05,   -2.18163313e+05,    4.66969612e+05
   -9.26063779e+05,    3.29231332e+05,   -7.29326034e+05
    4.92422835e+04,   -3.67135387e+05,    1.94551301e+05
    1.70439110e+05,    4.36780424e+05,    1.59988240e+06
    5.87013747e+05,   -1.19225156e+06,   -1.75919512e+06
    7.14847727e+05,   -1.18751102e+06,    8.26307987e+04
   -8.55784276e+05,    6.43172406e+05,    4.94722646e+05
   -2.99756178e+05,   -1.84338405e+06,    1.00625921e+06
    3.61992067e+05,    1.35492706e+05,   -1.35410075e+05
   -1.36960803e+06,    8.40941664e+05,   -3.76852749e+05
   -2.27355804e+05,   -1.15670876e+05,   -6.28490663e+05
   -5.83614382e+05,   -4.04176173e+05,   -6.29234803e+05
    1.44803328e+06,    1.34293550e+06,   -7.10344955e+05
    3.06510383e+05,    2.03492747e+05,    5.49009008e+04
   -9.25139376e+05,    3.85396591e+05,    3.27323822e+05
    7.09946631e+05,    2.60064632e+05,    1.76831739e+06
   -1.88390276e+05,    2.39227900e+05,    9.21411514e+05
    2.47400250e+04,    1.78702857e+05,   -2.07348703e+05
    6.45679209e+05,    1.34973999e+06,   -1.70736754e+06
    1.10955183e+05,    5.00401763e+05,   -6.31966971e+05
    3.77258823e+05,    1.27648075e+05,    1.37818677e+05
    1.58066675e+06,    2.06941026e+05,   -1.35102778e+05
   -1.62365741e+05,   -1.55292111e+06,   -7.46170100e+05
   -6.37052574e+05,    2.96888100e+05,   -1.62183379e+05
   -4.26003781e+05,   -7.54218409e+05,    2.01571563e+06
   -5.93252835e+05,    4.38253276e+05,    7.82567096e+05
   -6.34510673e+05,   -5.11393039e+04,   -7.57022205e+05
   -6.97841542e+05,    8.11758726e+05,   -2.73383580e+05
    5.53246883e+05,    7.58420538e+05,    1.58714407e+05
   -6.12013397e+05,    1.44518025e+06,   -3.41379182e+05
    8.37847773e+05,   -8.34472379e+05,    6.10777788e+05
    7.51789774e+05,    8.54590333e+05,    1.12547885e+06
   -6.58927294e+05,   -6.03374939e+05,   -8.06992566e+05
   -7.92434472e+04,    1.94000913e+05,    1.49534857e+05
    1.32265106e+05,    1.96029902e+05,   -4.05917345e+04
    1.95910321e+05,    9.25387848e+05,   -2.39204693e+05
    3.35955359e+05,    6.16649270e+04,   -3.14855606e+05
    8.49024637e+05,   -1.50066973e+03,   -4.53787758e+05
    1.39452337e+05,   -4.95696832e+05,    2.28057630e+05
    6.37068559e+05,    7.57885941e+05,    7.02174236e+04
   -5.88800416e+05,    3.72888566e+05,   -2.24465342e+05
   -5.47139012e+05,    1.18195125e+06,    3.23841165e+05
    1.81130539e+06,    2.22027622e+05,   -1.88279219e+06
    9.11455649e+05,   -3.05242213e+03,    7.23440610e+05
    7.51172592e+05,   -1.08968128e+06,    1.49221354e+05
   -1.47443740e+06,   -1.01945663e+06,   -1.21693412e+05
    4.51755785e+05,    9.97760824e+05,    7.78004785e+03
    1.01940371e+06,   -6.35998318e+05,    2.65580922e+05
    1.21504515e+06,    7.15886444e+04,    3.90847681e+05
    5.61614662e+05,    5.31054323e+05,   -1.77607709e+05
   -1.34249171e+06,   -1.12843061e+06,    6.39513598e+05
   -2.63461173e+05,   -4.27258339e+05,    5.78223826e+05
   -1.62038970e+05,   -8.55733576e+05,   -8.69039517e+05
   -8.07046328e+05,   -8.62732830e+04,    8.53335698e+04
    5.98006139e+05,    1.80324417e+06,    2.85214046e+05
   -6.75774364e+05,    2.93893703e+05,   -5.02241313e+05
    1.07205115e+06,    3.80072417e+05,    6.29334961e+05
   -2.76701616e+05,   -5.21946134e+05,   -2.72930032e+05
   -7.45943034e+05,   -2.53703597e+05,    1.13828359e+05
    1.53568518e+06,   -5.91505850e+05,   -3.13765960e+05
   -2.33283434e+05,    4.99828561e+04,    6.80063447e+05
    5.55353129e+05,   -1.36985706e+06,    5.16191670e+05
    5.90188633e+05,   -3.35584368e+05,   -3.98837119e+04
    3.63468888e+05,   -4.77139929e+05,    7.68460017e+05
   -2.19213936e+05,   -1.32780952e+06,   -4.36058423e+05
    7.07208124e+05,    9.97580304e+05,   -6.15997134e+04
    2.69002863e+05,   -3.08108475e+05,    3.53445523e+04
   -2.21375305e+05,    4.73293722e+05,    8.42925100e+05
    3.29676647e+05,   -1.37932451e+06,   -6.49715798e+05
   -9.35384067e+04,    5.69794916e+05,    2.51051910e+05
    9.37541444e+05,    8.94476035e+05,   -1.81891091e+06
   -5.26924259e+05,   -1.04099553e+06,   -5.35550733e+05
    7.71353567e+05,    4.86515544e+05,    1.33128012e+05
   -6.57552374e+05,    1.15866914e+06,   -4.53886920e+05
   -2.83744148e+05,    1.25282051e+06,   -1.20635745e+05
   -1.42778356e+05,    5.68251603e+05,   -3.66658756e+05
   -1.00928253e+06,   -3.29858142e+05,   -9.33284257e+05
   -1.44111711e+06,   -9.48689304e+05,   -2.18480229e+05
    4.83854856e+05,   -5.37985406e+05,   -8.71490481e+05
    9.08925503e+05,   -7.80933795e+05,   -1.05839083e+06
   -9.55108849e+04,   -3.72121351e+05,   -6.62237174e+05
   -6.80821264e+05,    1.41838839e+05,   -2.43973952e+05
    2.79310975e+05,   -2.11986454e+05,    1.63691442e+06
   -1.95303530e+05,   -2.70290530e+04,    3.19848074e+05
    2.45439493e+05,    4.43178995e+05,    6.25691819e+05
    2.76012116e+05,   -1.10990987e+06,    3.03349739e+05
    9.54600284e+05,   -1.20108116e+06,   -3.69642389e+05
   -2.06750333e+05,   -9.54125816e+05,   -1.50974087e+04
   -7.20438842e+04,   -8.77576213e+05,   -4.04630656e+05
   -4.18174914e+04,   -7.47499034e+04,    7.29632743e+05
    9.25950863e+05,   -1.15987388e+06,   -7.34381450e+05
    9.38687491e+05,   -7.02164494e+05,    2.29635265e+04
    8.17996850e+04,   -8.02325912e+04,   -1.65061705e+04
   -7.61159918e+05,    9.89423037e+05,    5.09476669e+05
    5.38638895e+05,   -3.59630338e+05,   -1.97114949e+05
    5.06727582e+05,    3.41795960e+05,   -6.56065165e+05
   -1.24869013e+06,    8.08147656e+05,    5.56258013e+05
    6.01031487e+05,    1.64925348e+05,   -1.13689691e+05
   -3.76150568e+05,   -1.83564342e+05,    3.48937962e+05
    1.34403992e+06,   -4.08909321e+05,    2.12725194e+03
   -2.10006298e+05,   -1.12918533e+05,   -3.46037745e+05
   -4.96395722e+05,    3.64386702e+05,    7.63203687e+05
   -1.40072568e+05,    9.39506561e+05,   -1.80148840e+05
   -4.64864538e+03,    2.96004375e+04,   -7.21522943e+05
   -1.47850138e+05,   -1.08074575e+06,    6.88633051e+05
   -7.17106890e+05,   -4.50404852e+05,    1.08981414e+06
    9.14139673e+05,   -1.25941449e+06,    8.70904429e+05
    2.30249607e+05,   -2.94533133e+05,   -1.86299071e+06
   -8.06616382e+05,   -1.10740064e+04,    2.08808038e+05
   -5.21455601e+05,   -2.52103186e+03,    1.13097473e+06
    6.27067339e+05,   -4.48027308e+05,   -2.96783757e+05
    1.33005460e+06,    5.83584356e+05,    1.32149897e+05
    1.79956022e+05,    4.57678982e+05,    1.04554550e+06
   -1.27193457e+06,   -6.57908774e+05,   -9.40121894e+05
   -2.93829367e+05,    7.91680708e+05,    7.37416196e+05
    8.05094816e+05,    7.85662904e+05,   -1.64090978e+06
    3.25074260e+05,    6.92290452e+05,    5.24101495e+05
    6.09461251e+04,    1.45401354e+04,   -1.29945333e+06
   -1.14415819e+06,   -6.00579012e+05,   -1.88146941e+06
    4.21046045e+05,   -2.27605267e+05,    7.93082463e+05
   -1.79668512e+05,    3.82646893e+05,    2.69159793e+05
    6.37274203e+05,    1.37477601e+06,    1.72179423e+06
    1.13527032e+06,    9.19284180e+05,    3.79955717e+04
   -4.88433935e+05,   -1.61602115e+05,    4.95284575e+05
   -1.95135213e+05,   -2.35471854e+05,    5.69679118e+05
    1.85908011e+04,    6.34213081e+05,   -9.89187095e+04
    1.53744583e+05,    4.97135532e+05,    1.63143358e+06
    8.50777301e+05,   -9.35845646e+05,    6.26012622e+05
   -6.53130459e+05,   -1.61607494e+06,    5.86810551e+05
   -7.26208754e+05,    2.34652171e+05,   -8.19126383e+04
    4.90448941e+05,   -1.12389237e+06,    2.68551190e+05
    2.28633155e+05,   -1.59711947e+05,    6.48325499e+05
    4.51854548e+05,   -3.46000911e+05,   -5.51446575e+05
    3.65221101e+05,    7.57752760e+05,    1.66634890e+05
   -1.37223971e+05,   -1.51447621e+05,    3.77108599e+05
   -2.21844425e+05,   -1.10723570e+06,    8.14998533e+04
   -1.65208615e+05,    3.97551606e+05,    7.30900361e+05
    7.09875628e+05,    8.05632224e+05,    5.94120362e+05
   -3.55890856e+05,    5.24171520e+05,    7.36016725e+05
   -1.49505397e+06,   -1.09430037e+05,   -8.30601405e+05
    9.76495510e+05,    8.90715960e+05,    5.73483712e+05
    3.01513274e+05,   -1.39193307e+05,   -1.18578763e+05
    1.90150728e+05,   -5.88482124e+05,    7.41895360e+05
    6.24207773e+05,   -3.00706031e+05,   -7.73642275e+05
    7.76588616e+04,    3.57853634e+05,    1.70514405e+05
   -7.08377100e+03,    8.09143627e+05,    1.28701833e+06
    6.25477709e+05,   -6.32393990e+05,   -6.38631755e+05
    1.49757066e+05,   -7.23619716e+05,    3.34846982e+05
    1.74424760e+06,   -1.48541464e+06,   -7.52311123e+05
    1.25031585e+06,    3.23968259e+05,    6.62340754e+05
    1.58396051e+06,    1.06451367e+06,   -1.40573484e+05
   -7.89176534e+05,   -3.93315586e+05,   -8.93803550e+05
   -2.17027377e+05,   -4.97151510e+05,    5.12244697e+05
    8.82734276e+05,   -6.24709795e+05,    8.55560040e+05
   -3.81899088e+05,    2.95436299e+05,   -9.49638168e+05
   -4.30400192e+05,   -3.74101799e+05,   -2.90256168e+05
    8.29148315e+05,    8.10388972e+05,    7.50331805e+05
    1.37921902e+05,    3.85422122e+05,   -6.22325456e+05
    1.15750430e+06,    8.78076444e+05,   -8.47772927e+05
    5.78116686e+05,    8.10572636e+05,   -2.29563362e+05
   -4.86539140e+05,    1.03651911e+06,   -1.38750624e+06
   -5.55590477e+05,   -4.11510260e+05,   -4.17161825e+05
    1.56010495e+06,   -7.54129151e+05,    1.72035983e+05
    6.13855869e+05,    4.40005244e+05,    2.36784764e+05
   -1.28948725e+06,   -1.44834774e+05,   -1.62600375e+06
   -5.52257931e+05,    8.23044873e+05,   -7.74170170e+05
   -6.18147004e+05,    7.52746698e+05,   -2.67293461e+05
   -4.50712215e+05,    6.07318315e+05,   -6.96003247e+04
    7.80545680e+05,    1.24067937e+06,   -2.40345778e+05
    6.58816880e+05,   -1.41476532e+05,   -9.23724621e+04
   -7.90557153e+05,   -3.95213051e+05,   -2.12558793e+05
    1.48551581e+05,   -5.03355592e+05,   -5.16293939e+05
   -2.70708591e+05,   -2.80401534e+05,    3.33327622e+05
   -2.05406325e+05,   -1.72506798e+05,   -1.39380887e+05
    1.66226064e+06,   -6.61827055e+05,   -6.29234706e+05
   -4.81678770e+05,    2.33892530e+06,   -1.04394152e+06
   -2.22784377e+06,   -5.71240337e+05,   -6.86773900e+05
    1.06571095e+06,   -1.19368084e+05,    2.64351362e+05
    5.23727187e+05,    1.66809325e+06,   -5.77790960e+05
    9.83210751e+05,    5.89633852e+05,   -1.45538753e+06
   -7.31648668e+05,    2.08182754e+04,    3.36567206e+05
    2.51222022e+06,    1.14045193e+05,    1.19280325e+05
    2.97130006e+05,    6.06136873e+05,   -2.70967772e+05
   -9.52959123e+05,   -3.68722967e+05,   -3.73295838e+05
   -1.88068534e+05,   -3.99035309e+05,   -3.41447584e+05
    6.30695616e+05,    6.86290177e+05,   -2.86396866e+05
    3.02342769e+05,    6.03152064e+05,   -1.50587612e+06
    9.78209941e+05,    4.25371476e+05,   -1.84631343e+06
    3.57878482e+05,    4.79449032e+05,    2.80880356e+05
    7.07742179e+05,    1.21248336e+06,   -2.13348768e+05
   -2.39502826e+05,   -4.47681648e+05,    2.37403570e+05
   -3.60753619e+05,   -8.89765305e+05,    2.17513328e+05
    8.75389688e+05,   -6.73153201e+05,    4.09267795e+05
   -6.92602907e+05,   -1.91373667e+05,    4.96457540e+05
   -6.96539902e+05,   -5.64296869e+05,   -3.12843988e+05
   -1.21782581e+05,   -9.50965559e+05,   -7.02938855e+05
   -8.00450951e+05,   -2.51276016e+05,   -5.93004870e+05
    3.90526974e+05,    1.22886070e+06,    2.71027827e+05
    3.71923357e+05,   -1.94445488e+05,    4.27152683e+05
   -1.61325762e+06,    1.11817005e+06,   -1.02775408e+06
   -6.40754565e+03,   -2.32622524e+04,    4.17648821e+05
    4.46887033e+05,   -4.44539858e+05,   -1.51414575e+05
    2.24275526e+05,    2.68794187e+05,    3.33786308e+05
    1.48902261e+06,    4.90852054e+05,    1.41400062e+06
   -3.05696629e+05,   -4.73286291e+05,   -1.79913261e+05
    3.30149209e+05,   -8.09852018e+05,    1.06508479e+06
    5.79182024e+04,    6.26290834e+05,   -9.37994530e+05
   -2.34740205e+05,   -9.10754637e+05,   -7.99137421e+05
    7.71626729e+04,   -2.21235574e+05,   -5.47127292e+05
    6.77885150e+05,   -4.45628433e+05,    7.15758349e+05
    1.85370013e+05,    8.18451755e+05,    8.82651103e+05
    1.23097214e+05,    3.03863045e+05,    6.13535410e+05
    1.84390113e+05,   -1.71742280e+06,   -5.04326598e+05
    7.79002509e+05,   -1.15448904e+06,    2.95524625e+05
    2.59756386e+04,    9.14754751e+05,   -6.15525157e+05
   -4.12071387e+05,    6.27788751e+05,   -8.59085252e+04
   -1.30701004e+06,    1.28114514e+06,   -2.44373357e+05
   -6.96958935e+03,    4.48130412e+05,    1.15910992e+05
   -4.84519400e+05,   -6.15427867e+05,    5.81270144e+03
   -5.85212610e+05,    8.10578877e+05,    1.96014520e+05
    2.39907900e+05,    5.14040047e+05,   -1.53360712e+05
   -5.75141890e+05,   -8.76087315e+05,    6.17106390e+04
    1.01350082e+06,   -1.17314967e+06,    7.41975987e+05
   -7.58045629e+04,    9.25662314e+05,   -4.85866184e+05
   -6.44389821e+04,   -7.47968714e+05,    1.46775791e+06
   -1.03227607e+05,   -6.28007517e+05,    1.04612786e+06
    5.23748224e+05,    4.17589744e+05,    7.41735564e+04
   -2.82814654e+04,    7.10612783e+05,   -7.04199968e+05
   -1.42104268e+06,    2.30683256e+05,   -4.39761562e+05
    1.04371957e+06,   -1.56739235e+06,    5.36777597e+05
   -1.27104730e+06,    4.01581551e+05,    6.55456357e+05
   -6.53532420e+05,    1.00910415e+06,   -5.98367325e+05
   -7.80225964e+05,   -1.70218481e+05,   -1.08095421e+06
    3.46400213e+05,    9.39820362e+05,    2.45285352e+05
    7.55334734e+04,    7.23601237e+05,    1.13883899e+06
   -5.75723880e+05,    3.17310827e+05,    7.40426421e+05
   -5.26516772e+05,   -1.13717641e+05,   -3.29303330e+05
    5.52944227e+05,   -2.11780463e+04,    7.95372604e+05
   -1.06992844e+05,    5.83619994e+05,    3.50367905e+05
    3.19336662e+05,    8.76015283e+05,    9.18688192e+05
    2.25981211e+05,   -4.35658339e+05,   -7.42612817e+05
   -4.31056102e+05,   -1.23912906e+04,    1.36864230e+05
   -4.71245264e+04,   -7.19251162e+05,   -2.31690034e+05
    3.77493874e+05,   -6.42747055e+05,    6.54821108e+05
   -2.96663763e+05,    9.82277020e+05,   -1.12624147e+05
    4.39171388e+05,    1.02208588e+06,    2.97236202e+05
   -2.80151717e+05,    8.17236229e+05,    1.56842523e+05
    7.24779527e+05,   -4.13017030e+05,    1.75381332e+05
   -1.00493668e+06,   -6.70088806e+05,    2.91526431e+04
   -2.54152918e+05,    1.73613657e+06,   -1.67537635e+05
    2.02366922e+05,   -2.12032332e+05,   -4.50051646e+05
   -2.25738632e+06,    7.52330116e+05,    4.31076677e+05
    3.51612129e+05,   -4.63986671e+05,    7.77112941e+05
   -6.43859142e+05,   -1.61253071e+06,    6.17939496e+05
   -6.17272652e+05,    3.52919730e+05,   -2.13920978e+04
    7.00822853e+05,    9.96558821e+05,    4.01992042e+05
    1.56272595e+05,    3.62901214e+05,    4.22144153e+05
    6.67482029e+05,    4.54034300e+05,    1.14315775e+06
   -6.04764984e+05,   -1.25697065e+06,   -8.51882444e+05
   -7.25949632e+05,   -9.03788207e+05,    2.65995195e+05
   -3.09911295e+05,   -1.99137064e+04,    4.98834654e+05
    1.03386317e+05,   -2.04134263e+04,   -1.08741641e+06
   -6.18528673e+05,    1.18532449e+05,   -3.21012160e+05
    3.92023413e+05,    2.70305025e+05,   -2.20488636e+06
    4.31705032e+05,    1.60408801e+05,   -5.62821478e+05
    4.34866129e+05,    7.56668627e+05,   -3.11248439e+05
   -5.79187804e+05,   -1.69097827e+06,    1.51984714e+06
   -7.06516791e+05,   -1.82499828e+06,   -1.10465997e+06
    2.88995283e+05,   -1.64838944e+06,   -9.75044189e+04
   -6.64822060e+05,    2.51794549e+06,   -4.42790519e+05
   -8.22889773e+05,    4.59521311e+05,   -9.04785349e+04
    1.91712107e+06,    2.11170685e+05,    1.97704481e+05
   -1.97997721e+05,    9.25968659e+05,   -7.78420530e+05
    6.99097424e+05,    5.36571715e+05,    3.76276275e+05
    1.17776641e+06,   -6.96048085e+05,   -7.27472979e+05
   -2.87620676e+05,   -5.65956025e+05,    5.67430730e+05
    4.85537273e+05,    3.49270299e+05,   -8.03011874e+04
    6.98902118e+05,    1.31700139e+06,   -2.03667150e+05
   -2.74571628e+05,   -4.94869986e+05,    1.46299912e+05
    8.48714177e+05,   -2.57982980e+05,   -4.69247176e+05
    5.07231427e+05,   -2.10969830e+05,   -4.02834448e+04
    9.19121366e+05,   -1.05069532e+06,    4.91639985e+05
   -3.38882443e+05,    2.08260758e+05,   -1.95940668e+05
    1.43451915e+05,    7.19702351e+05,   -3.84818399e+05
    2.90374449e+05,   -4.10954393e+05,   -6.44505274e+05
    6.50386327e+05,    5.78494096e+05,    8.66891546e+05
    4.15228351e+05,    4.78912047e+05,   -8.75619939e+05
    1.03512140e+06,    3.84756629e+05,   -8.39956576e+05
   -7.35729675e+05,   -1.48621463e+05,   -5.87517139e+05
   -5.11994073e+05,   -1.16932331e+05,   -1.30084136e+05
   -4.03742562e+05,   -9.69990880e+05,    3.34855345e+05
    5.54909304e+05,    1.43298254e+06,   -2.07211554e+05
    1.90331468e+05,   -1.26054952e+06,   -2.31672903e+05
   -2.53033660e+05,    1.81143753e+06,   -1.63814023e+05
    6.93445484e+05,    1.47508660e+05,   -5.01332589e+05
    4.04673809e+05,   -2.60077781e+05,    7.58598118e+05
   -1.32082352e+04,   -3.77969399e+05,   -2.79350047e+05
   -3.13217437e+05,    7.42160342e+05,   -5.34973349e+05
    9.47268322e+05,   -3.39059165e+05,    1.56376893e+05
    1.24810252e+06,   -2.40181918e+05,   -1.15016554e+06
   -2.29833156e+05,   -1.56049106e+05,   -1.02491255e+06
   -6.04149982e+05,   -6.94544958e+04,   -3.05945227e+05
   -7.46053458e+05,    1.17577808e+05,    1.19945137e+06
    1.33035810e+05,   -7.12592428e+05,   -6.35868659e+05
   -5.95917125e+05,    5.30324175e+05,   -3.59343198e+05
   -1.18967519e+06,   -8.00675394e+05,    1.94514755e+06
   -5.29333731e+05,   -2.86031093e+05,    2.73923889e+05
   -1.55136912e+06,   -1.25653641e+06,    7.96575002e+05
   -7.59340106e+05,    1.14310485e+06,   -1.14564456e+06
    5.19916050e+05,    1.09490645e+06,   -1.03914026e+06
   -1.39460237e+05,    6.75918468e+05,    1.68062212e+05
    2.73435106e+05,   -1.58553406e+06,    6.56751412e+05
    1.85371741e+05,   -4.51087158e+05,    5.69737111e+05
    7.62873034e+05,   -1.66011457e+05,    7.99568847e+05
    5.37628195e+05,   -2.34777512e+05,    4.15627342e+05
    7.79656562e+05,   -5.80901897e+04,    2.47509540e+05
   -2.91094073e+05,    1.45690956e+05,   -3.05032532e+05
    4.13090866e+05,    2.40285493e+05,   -9.68820484e+05
   -7.36473800e+05,   -3.16812816e+05,   -2.33931272e+05
    4.34249780e+05,   -5.71651236e+05,    5.12260197e+05
   -1.16410427e+06,   -9.37243978e+05,   -5.14465699e+05
    6.42200783e+05,    5.74079349e+05,   -5.84574315e+05
   -4.15936526e+05,    4.48448978e+04,   -5.63489507e+04
    5.01977237e+05,    1.26141658e+06,   -3.15210527e+05
   -1.30672631e+06,    1.03710512e+06,    2.29477412e+05
    6.80298876e+05,    7.86999479e+05,    2.17209254e+05
    1.59715779e+05,    1.89908177e+05,    1.82438624e+06
   -1.49459156e+06,   -1.80311810e+06,    1.53062652e+06
   -4.84673167e+04,    1.12224797e+06,   -1.82316486e+06
   -5.01749585e+05,   -6.01489043e+04,    4.25765543e+04
    5.44598263e+05,   -6.33486236e+05,    1.52752652e+06
    9.29099052e+05,   -1.81278120e+05,   -1.50112624e+06
    3.28804306e+05,   -6.17201774e+05,   -3.71050866e+05
    3.20419935e+05,   -3.35218306e+05,   -1.17369032e+05
   -8.88850346e+05,   -1.38026227e+05,   -1.24620531e+06
   -1.78113674e+06,    6.93826916e+04,   -1.43875562e+05
    1.02406735e+06,   -8.66470325e+05,   -6.30813832e+05
   -7.95646922e+05,   -1.04274875e+06,    1.02228229e+05
    7.14672147e+05,    6.09212138e+05,   -5.83924633e+05
    9.08414160e+05,   -9.60279305e+05,   -5.42940350e+05
    2.53448293e+04,    8.93265643e+05,    6.27075063e+05
    7.97673297e+05,   -5.32128360e+04,    4.63863110e+05
    1.51493171e+05,    1.49609939e+05,   -5.56407814e+05
   -7.83801704e+05,    1.87914490e+05,   -2.98370198e+05
   -1.93581541e+05,   -1.56976329e+05,   -1.49468999e+06
   -5.84240362e+05,    3.00323550e+05,    2.12718965e+05
   -3.99615368e+05,   -5.61760312e+05,   -3.69062969e+05
    1.88000253e+05,    1.15982504e+06,   -1.33280734e+05
   -9.60810474e+04,   -4.67345672e+05,   -1.21787722e+06
   -7.05733115e+05,   -1.07150305e+05,   -9.75200789e+05
   -4.73945870e+05,    5.76691941e+05,    6.10044703e+05
    1.07361934e+06,    2.97195348e+05,    3.67547874e+05
    8.93865801e+05,    9.94383794e+05,   -7.57024729e+05
   -5.36771430e+05,    3.42349828e+05,    7.45072821e+05
    1.60813388e+05,    9.50883777e+05,   -1.03308954e+06
   -8.09755180e+05,    4.86729371e+05,   -7.75792537e+05
   -6.87503663e+05,    6.76857684e+05,    7.31863239e+05
   -8.83474823e+04,    8.08604039e+04,    9.08797315e+04
   -4.54882032e+05,    4.76947033e+04,    5.74402054e+05
   -9.22633170e+03,    4.32592962e+05,    1.84224579e+06
    6.22899256e+05,    5.57026934e+05,   -5.25783521e+05
    3.41014075e+05,   -2.68722639e+05,   -6.52367582e+05
    1.47279568e+06,    1.95673315e+05,   -2.13420641e+05
   -2.32041472e+06,    3.21132911e+05,   -4.83869220e+05
    3.27995572e+05,    1.04296813e+06,    5.08425967e+05
    1.10576433e+05,   -7.45707865e+05,   -3.27630756e+05
   -5.93264444e+05,   -1.20061390e+05,   -5.89142132e+05
   -6.62174591e+05,   -4.29705449e+04,   -9.68296287e+04
    8.76055081e+05,   -1.05589755e+05,    3.52576799e+04
   -4.92532949e+05,   -1.07898748e+06,    7.19801113e+05
   -5.17315173e+05,   -1.36855702e+06,    2.32714019e+05
   -2.87760436e+04,   -1.46423683e+06,   -4.03340297e+05
   -9.82080028e+05,    1.32383920e+05,   -3.58044575e+05
   -6.19000048e+05,   -6.49204873e+05,    1.49031862e+05
   -5.14478062e+05,   -3.92870974e+05,   -1.00622538e+06
    1.11072887e+06,    9.52659944e+04,   -6.37920149e+05
    2.06435500e+04,   -7.64834988e+04,    2.88246139e+05
    3.05994294e+05,    4.06454524e+04,   -2.77110326e+05
   -5.37585582e+04,   -1.93386459e+05,    3.42879629e+05
    4.22241738e+05,   -3.10371364e+05,    2.77584800e+05
   -1.29843236e+06,    1.08627323e+06,   -8.40777825e+04
    1.35657404e+06,   -2.48986283e+05,    1.99881638e+05
    5.67260281e+05,   -1.16181276e+06,   -1.29264438e+06
    6.29743817e+05,   -6.37343835e+05,    1.34842890e+05
    1.02380994e+06,    4.62261167e+05,    1.81798091e+06
   -3.52882098e+05,   -6.19925163e+04,   -4.95241071e+05
   -5.17551601e+05,   -2.09806842e+05,    1.10271922e+05
    4.89591920e+05,    2.87601469e+05,    1.10864402e+06
   -5.79404588e+05,   -2.22483044e+05,   -1.58074311e+06
    1.48085283e+06,    1.21778863e+04,    4.97616808e+05
    3.86121209e+05,   -2.27370345e+06,    8.90949388e+05
   -2.68582947e+05,    7.71492648e+05,   -3.59616902e+05
    2.53265268e+05,   -3.08098490e+05,   -1.71568113e+05
   -1.79722460e+06,    6.44012619e+05,    4.05367849e+05
   -6.95236495e+05,   -9.50925069e+04,   -4.13864422e+05
   -7.07435201e+05,   -3.08978696e+05,    9.51192860e+05
    4.34688157e+05,    3.86968607e+05,    7.69308941e+04
   -9.42522694e+05,   -3.87769175e+05,   -7.60754501e+05
    4.56038818e+05,    7.73607854e+05,    8.53390009e+05
    9.05198925e+04,    3.91786770e+05,   -2.24816044e+05
   -1.76857969e+05,    2.89009434e+05,   -6.80778380e+05
   -1.75221318e+06,    7.28515826e+05,   -1.40457957e+06
    2.05867550e+06,    7.59106295e+05,   -3.88814361e+04
   -1.47237779e+05,    2.21935908e+05,   -1.07200341e+06
   -5.15220910e+05,   -2.60602693e+05,   -3.21863947e+05
    4.42319182e+05,    4.56365562e+05,    2.24469351e+05
    5.93819075e+05,   -7.83129417e+05,    5.22812657e+03
    1.09478070e+06,    7.98007234e+05,    3.77229765e+05
   -1.78124007e+06,   -5.65228709e+05,    3.35874926e+05
   -2.35886206e+05,   -3.92355938e+04,    9.55936766e+04
    6.12906620e+05,   -2.17863318e+05,    7.62396631e+05
   -4.13904038e+05,    2.18120013e+05,    8.92873028e+05
   -6.73168880e+05,   -3.95093457e+05,    7.95147363e+04
    1.10617590e+06,    2.06739384e+05,   -5.42297788e+04
    5.35481032e+05,   -4.92389409e+05,    5.08418256e+05
    3.94324128e+05,   -2.26357254e+05,   -5.42657724e+04
    2.14051933e+05,   -1.23050870e+06,   -5.96288091e+04
   -5.49881992e+05,   -1.23032033e+05,    3.68268093e+05
   -4.76982396e+05,   -1.15156546e+06,    3.64844883e+05
   -2.35557419e+05,    1.71884181e+05,    6.20305277e+05
   -2.99399786e+05,    5.19280214e+05,   -9.89979821e+04
   -1.96571569e+05,   -9.77969227e+04,   -1.83000338e+06
    1.47177614e+06,    5.43090713e+05,    3.29878994e+03
   -4.66436507e+05,   -1.18284100e+06,    6.95590429e+04
   -1.02976300e+06,    7.23755634e+05,    1.71134353e+05
    4.09959556e+05,   -1.26048529e+06,   -2.89621321e+05
   -5.06381771e+05,   -3.23463868e+05,    1.29643363e+06
   -1.24121585e+06,   -2.43075235e+05,    2.48028752e+05
   -1.45303088e+06,   -1.58556748e+04,    3.69197515e+05
   -7.98767971e+05,   -4.39762112e+05,   -1.38434524e+04
    1.09203541e+06,    8.93439154e+05,    9.31998472e+05
   -2.23467975e+05,   -5.72420992e+05,   -3.04258819e+05
    2.64425460e+05,    5.71777921e+05,   -3.22348203e+04
    7.22939713e+05,    7.14875353e+05,    1.09471281e+06
    5.53453016e+05,    9.28699516e+05,   -5.29496474e+05
    1.82115674e+04,    3.62937215e+04,   -7.74385613e+05
   -5.69285306e+04,   -7.07870549e+05,    3.12415949e+05
    8.74051818e+04,    3.35577365e+05,    9.56721107e+04
    3.03770418e+05,   -2.38287857e+05,    1.89957704e+06
    5.32548214e+05,   -5.59770083e+05,   -3.43206059e+04
    5.01444169e+05,   -6.91196083e+05,    1.01299309e+06
   -7.48420710e+05,   -9.75591946e+04,   -8.73434843e+05
    8.00154719e+05,   -1.07714339e+06,    7.02130454e+05
   -3.55063103e+05,   -8.58118728e+04,    1.75760926e+05
   -1.47250422e+06,    8.95862051e+05,   -9.60582081e+05
    4.25329165e+05,   -4.80198471e+04,    4.95406653e+05
   -9.50108660e+05,   -1.04829812e+06,    3.86958441e+05
    5.50369087e+04,   -4.28751125e+04,    3.38924716e+05
   -2.77607781e+05,   -3.27410135e+05,   -9.68062107e+04
    6.86113132e+05,   -1.41787973e+05,    1.10752500e+05
    3.77870004e+05,    4.42147917e+05,   -2.77360137e+05
    1.07953356e+05,    4.66094836e+05,   -1.27728292e+06
   -8.47803270e+05,   -1.99342071e+05,    5.23070720e+05
    7.40015558e+05,    1.75126854e+05,   -1.38484133e+03
   -8.10889409e+05,   -6.65694029e+04,   -2.85304847e+05
    2.84164080e+05,   -2.17165134e+05,    2.83040647e+05
    5.52149427e+05,    5.76765007e+03,   -2.46848233e+05
    9.29781686e+05,   -1.72769635e+04,    3.94893621e+05
   -1.54012965e+05,   -8.07010390e+05,    1.46504604e+06
    3.45537497e+05,    7.16071356e+05,    1.47813262e+04
    9.71991710e+04,   -1.06546275e+05,   -1.60450975e+05
   -1.18548087e+05,    7.14179035e+03,   -5.31394709e+05
   -9.63190247e+04,   -2.55158836e+05,    9.70590975e+05
   -8.67024158e+05,   -1.34218075e+06,    3.89612960e+05
   -1.19927428e+06,   -8.03976021e+05,    1.60531496e+06
   -4.22857050e+05,    9.87219558e+05,   -4.34125369e+05
    4.05738818e+04,   -1.04235964e+06,    9.20374049e+05
    6.32076767e+05,    8.40093872e+05,    9.26346784e+05
   -1.62941248e+06,   -9.49154076e+05,   -9.00142266e+05
   -1.09922664e+06,   -7.58818424e+05,    8.33476893e+05
    1.46668508e+05,   -2.04358886e+05,   -1.14725096e+06
    7.67308014e+05,    1.44520278e+06,    2.10491394e+05
    8.57404278e+05,   -7.65222439e+05,    6.63423925e+04
    1.47220445e+06,   -9.65301580e+05,    4.37765356e+05
    2.77871580e+05,    8.67469445e+05,   -6.20297559e+05
    7.84245268e+05,   -8.26641682e+05,    2.01285606e+05
    1.08620138e+06,   -3.12641078e+05,   -8.98290405e+04
    1.16191736e+06,    7.75148304e+05,   -1.63580255e+05
   -3.28175580e+05,    1.99630050e+05,    9.55070351e+04
    5.42331373e+05,    1.01874765e+05,    4.19601900e+05
   -9.09555552e+04,    2.33928952e+05,   -6.37556658e+05
    7.54856129e+05,    1.66345404e+05,   -4.44201008e+05
   -5.99853337e+04,   -1.68320874e+06,   -1.43622159e+06
   -9.95986273e+05,    7.92683311e+05,    4.09481018e+05
    1.75840882e+06,   -3.30722769e+05,    6.57947976e+05
   -3.97446339e+05,   -2.24913773e+06,   -4.90883583e+05
   -1.02000490e+05,    6.24141270e+04,   -6.25042322e+05
    9.25783620e+05,   -6.40711198e+05,    4.92576364e+05
   -6.56012444e+05,   -3.17122424e+05,   -5.60653118e+05
   -3.83488518e+05,    4.52091638e+05,    4.21640492e+05
   -2.87896676e+05,   -4.30486142e+05,   -7.09446474e+05
   -1.16651515e+06,    2.33032895e+04,   -1.22137738e+06
    5.97882524e+05,    3.00905745e+05,    8.13958964e+05
    5.81143698e+04,    4.12605042e+05,    4.31630648e+05
   -7.92768285e+05,   -1.38202275e+05,   -8.84477306e+05
    1.30451013e+05,   -1.29538647e+05,    1.28948173e+06
   -4.85890659e+05,   -6.76473237e+05,    7.74687694e+04
    1.52165175e+05,   -7.19302250e+05,   -1.73805299e+05
    3.55254375e+05,   -1.39664875e+05,    7.72129441e+05
    3.30422999e+04,    2.24331318e+05,    9.70678132e+05
    3.25836409e+05,    6.43080145e+05,    1.53130409e+05
    4.17976528e+05,   -6.18218138e+05,    4.53822914e+05
   -1.42273070e+06,   -1.17903663e+06,   -4.96578198e+05
    8.48186930e+05,    5.11323308e+05,    1.32388084e+06
   -3.20558903e+05,    4.54721626e+05,   -3.09604532e+05
   -1.33510977e+06,    1.30890613e+05,    2.36493733e+05
    3.21526402e+04,   -1.29299151e+06,   -1.13579801e+06
   -1.01333880e+06,    1.42102817e+06,    5.20514243e+05
   -1.29600176e+05,    8.90564633e+05,   -1.49945156e+05
    2.49449483e+05,    7.16321354e+05,    4.34190028e+05
   -4.18005259e+05,    6.52367795e+05,   -3.99950441e+05
    9.19446336e+04,   -2.71988442e+05,    1.22609570e+06
    8.74282049e+05,   -8.76300122e+05,   -1.34851992e+06
    6.11380382e+05,   -4.72007288e+05,   -3.12431051e+05
   -7.31962924e+04,   -1.15009507e+06,   -2.81983309e+05
   -2.27757197e+05,   -1.76846983e+05,   -6.16197295e+05
   -7.58007964e+05,   -1.00709949e+06,   -7.17746658e+05
    1.16571210e+05,    2.53368474e+05,   -1.13943870e+06
    2.08754298e+05,   -6.45240495e+05,    1.56889559e+05
    4.91969274e+05,   -6.74387628e+05,   -8.49813435e+05
   -4.34871212e+05,    9.71958651e+04,   -5.15871954e+05
    1.19919787e+06,   -1.23961093e+06,    2.67036944e+05
    3.17673569e+05,   -1.23370973e+06,   -2.56690073e+05
    6.77081463e+05,    6.60993351e+04,    7.69804900e+05
   -2.53379518e+05,   -2.61400877e+04,   -6.60841678e+05
   -4.96531467e+05,    2.06188113e+05,    2.79352618e+05
   -1.27558028e+06,   -9.19916279e+05,   -9.70191330e+05
   -1.30155444e+06,    7.60989025e+05,    4.81388738e+05
   -1.47022683e+05,    4.10829654e+05,    1.01561418e+06
   -7.61397603e+05,   -3.11277015e+05,    4.43775707e+05
    4.04924806e+05,    5.12275035e+05,    6.21271562e+05
    2.88647123e+04,    9.10910139e+05,   -2.24262272e+05
    2.44237341e+05,    1.41152151e+05,   -1.38866200e+05
   -4.73588389e+05,   -1.09981810e+05,    2.47429442e+04
   -7.58840734e+04,   -1.34517358e+06,   -2.16466705e+05
   -4.41229422e+05,    6.11241923e+05,   -1.10408130e+06
    1.31387707e+06,   -5.50476851e+04,    3.61563297e+05
   -1.33661046e+05,   -9.13809622e+05,   -1.26660344e+06
   -3.04828040e+05,   -5.76161463e+05,    4.80565327e+05
    1.22762941e+06,    3.11525664e+04,    5.85863755e+05
   -4.75202343e+05,    4.00661514e+05,   -8.38532494e+05
    2.56161918e+04,   -4.94615748e+05,   -9.85528837e+04
    4.77407230e+05,   -2.50489753e+05,    1.06626149e+06
    5.59933609e+05,   -3.13329487e+05,    6.43243857e+05
   -9.89235723e+05,    1.50152861e+05,    6.79505102e+03
   -2.95357171e+05,   -2.91791001e+05,    6.01654718e+05
    3.92216423e+05,   -3.65924791e+05,   -4.00653668e+05
    8.11002615e+05,    4.10806263e+05,   -5.56402029e+05
   -9.30243072e+04,    9.48841511e+04,    6.27860861e+05
    2.05608405e+05,    1.23384884e+06,   -6.84594260e+05
   -5.11970299e+05,   -5.93866511e+05,   -1.41659906e+04
    7.17289034e+04,    2.81329962e+05,    8.47283367e+05
   -4.74431425e+05,    7.64338467e+05,    5.37724288e+05
   -5.93433030e+05,   -4.06070952e+05,    7.94163687e+03
    9.05526213e+05,   -8.38625285e+05,   -2.83718372e+05
   -1.29894639e+05,   -5.24820585e+05,   -8.93265857e+05
    6.45918160e+05,   -7.49001055e+03,   -1.14041254e+06
   -1.66210362e+06,    1.81776683e+05,    8.56070906e+05
   -6.22041294e+05,    1.24832452e+05,   -5.14261055e+05
   -1.12732683e+06,   -6.59027077e+05,   -1.02864623e+06
   -3.08481127e+04,   -3.69231586e+04,   -1.46442628e+06
    1.05339385e+05,   -6.95601912e+04,   -2.02464155e+05
   -6.70473852e+04,    1.15588545e+06,   -6.01603607e+05
    7.32794744e+05,   -1.31798618e+05,   -3.47351710e+05
   -3.24118403e+05,   -8.58660711e+05,    1.33489679e+06
    2.11275461e+05,   -1.14697442e+06,    1.02938604e+06
    3.49173114e+05,    1.29783747e+06,    5.66084102e+05
    1.20499644e+06,   -3.58451957e+05,   -1.09578020e+06
   -1.69449428e+05,   -5.89319284e+05,   -4.94701428e+05
    8.90408831e+05,   -3.30719485e+05,   -7.50291595e+05
    6.67047545e+05,    8.44919681e+05,   -1.12445823e+06
    4.84023699e+05,   -3.51718101e+05,    1.36480954e+06
    3.50733219e+04,    3.70952589e+05,   -2.83239997e+05
    1.45651734e+05,    7.42749249e+05,    4.80593950e+05
    4.98456057e+04,    6.23656399e+05,   -1.90349737e+05
   -6.39290339e+05,    1.02272500e+06,   -6.14495747e+05
    2.11333548e+06,   -4.37573675e+05,   -2.11269794e+05
    4.03361791e+05,    4.46622812e+05,    1.97085176e+05
   -1.05327054e+06,    4.42851765e+05,   -1.82704846e+05
   -1.01188663e+05,    9.23045079e+04,   -6.79205201e+05
    1.48622616e+06,    1.36793931e+06,   -1.06465989e+06
   -2.02846557e+05,   -8.27232015e+05,    2.53678403e+05
   -6.06100061e+05,    5.39533085e+05,   -8.02374993e+05
   -8.15375639e+05,    5.77961462e+05,   -4.80113098e+05
    1.25629877e+05,   -4.58153285e+05,   -1.64391514e+06
   -9.48828902e+05,    2.97997299e+05,   -8.73547772e+05
   -5.37611854e+05,   -1.11297861e+06,   -5.84365760e+05
    6.25147037e+05,   -1.91240534e+05,   -1.47761450e+06
   -5.17308246e+05,   -9.17129212e+05,    1.30193843e+06
   -9.09280115e+04,    2.00979575e+06,    1.48926262e+05
    1.96137300e+05,    1.15677613e+06,    1.45587903e+06
   -7.06154028e+05,   -1.26658916e+06,   -6.85742619e+04
   -1.38241934e+06,   -6.40342971e+05,   -1.54419625e+05
    1.60706215e+06,    6.73376519e+05,    1.49672971e+06
   -8.98626901e+05,    4.14274443e+05,    1.42492970e+06
   -6.45087613e+05,    1.50304518e+05,    5.99605920e+04
   -8.40766483e+05,   -5.76900879e+05,    4.49679358e+05
    1.15197164e+06,   -2.23340885e+05,    1.86421391e+05
   -9.81853825e+05,   -1.70706915e+05,   -1.58791137e+05
    7.89003845e+05,    6.30314188e+05,   -1.19957871e+06
    3.73478498e+05,    1.14642646e+05,    9.52301193e+05
    1.08240609e+05,    8.64074986e+05,   -6.56959164e+05
    1.21373314e+06,   -6.22091572e+05,    2.96531189e+05
   -7.84623467e+05,   -6.37161628e+05,    5.64166704e+05
   -9.00461557e+05,   -4.70064462e+05,    9.31761887e+05
   -1.69850935e+06,    6.52818721e+05,   -1.10855830e+06
    7.53612974e+05,    3.76714154e+05,   -1.98159522e+06
   -2.30052807e+05,   -1.25473533e+06,    1.67407996e+06
    3.23011353e+05,   -1.15020107e+06,   -2.31675022e+04
   -6.01190323e+04,   -9.01444983e+05,    5.26004234e+05
   -7.67290848e+05,    1.27430769e+06,   -3.08110314e+02
    3.31747662e+05,   -6.27362784e+05,    1.46765958e+05
    1.02231853e+05,    7.65253720e+05,   -1.12416563e+06
   -6.86201890e+05,    4.46577861e+05,    1.22998935e+05
   -1.02757506e+06,    1.03997789e+06,    9.91632351e+04
    9.26931167e+05,   -2.61955905e+05,   -7.62596819e+05
    1.11845209e+06,   -6.62652573e+05,    4.55224180e+05
    3.11221637e+05,   -6.43790092e+05,    1.47638950e+06
    1.05755925e+05,    9.21588114e+05,    1.85387622e+05
   -4.83273818e+04,    1.14002428e+05,    1.60679843e+05
   -1.69257348e+05,    4.96116589e+04,   -7.48944971e+05
    1.80538276e+05,    7.19609986e+04,    5.41069346e+05
    2.85720486e+05,    4.28653455e+05,   -1.51784018e+06
   -8.72262650e+05,    4.17012983e+05,   -2.40972396e+05
   -1.68538578e+06,   -1.34473974e+05,    4.75902306e+05
   -3.48135401e+05,   -8.16454422e+05,    3.61955505e+05
    1.54217935e+05,   -6.13034407e+05,    6.14597619e+05
    4.62868839e+05,    6.12154807e+05,    9.72350535e+04
    4.52038630e+05,    4.65041123e+05,    8.36469241e+05
   -1.05267205e+06,   -6.32221867e+05,    4.47935238e+05
   -1.63513776e+05,   -2.42749237e+05,   -1.50773327e+05
   -6.78346603e+05,   -1.62423155e+06,    1.15541062e+06
   -6.30867617e+04,   -3.54800436e+05,   -1.23880800e+06
    2.76684504e+05,    9.57287017e+05,   -6.30977128e+05
    2.97622668e+05,    1.61112210e+05,    2.37389166e+05
    6.19535623e+05,    7.19742082e+05,    1.10562328e+06
   -5.37093343e+05,   -8.72187040e+05,   -6.57565984e+05
    1.29977588e+06,    5.60502666e+05,   -7.83853089e+05
   -3.32937940e+05,   -4.39650528e+05,    7.13809009e+05
    5.68884519e+05,    5.95666463e+04,   -3.02199615e+05
    3.00051407e+05,   -5.39690562e+05,    7.99837005e+05
    3.21152765e+05,    1.29217364e+05,    5.07106504e+05
   -8.74439628e+05,   -4.35337138e+04,   -8.38274930e+05
   -2.85329980e+05,   -5.27713926e+05,   -5.61599806e+05
    7.49539879e+05,    2.53202760e+05,   -7.23986611e+05
    1.22905142e+06,    2.08362079e+05,   -5.19841248e+04
    8.37996471e+05,    8.55021854e+05,    1.55169623e+06
    8.02545993e+05,   -2.62182596e+05,   -1.56603821e+06
   -3.83482737e+05,   -1.86993391e+06,    1.25275848e+06
    9.67306190e+05,   -3.01044608e+04,    1.38041230e+05
   -3.80677903e+05,   -1.68877927e+05,   -2.24362843e+05
    2.00635694e+04,   -1.91819470e+05,    7.68654590e+05
   -5.57410294e+05,   -1.66052446e+06,    6.36909498e+05
    9.30764267e+04,   -2.27723023e+04,    1.14429897e+05
    6.28303624e+05,   -1.44218619e+05,    8.00165174e+05
   -5.52951009e+05,    1.28508966e+05,    7.23894601e+05
    5.31944849e+05,   -2.05528669e+06,   -1.15065133e+06
   -1.25458977e+06,   -2.06064194e+05,   -4.49032881e+05
    1.80123924e+06,    9.51022325e+04,    8.09114320e+04
    1.52653714e+05,   -6.93217998e+05,    1.64051519e+05
    1.53186046e+05,    2.20044157e+05,   -2.95063734e+05
   -7.99606642e+05,    5.05359346e+05,    1.38576540e+06
   -4.37241149e+04,    9.92305130e+05,    3.95624017e+05
    2.15797440e+05,   -1.73108420e+06,    1.08658221e+06
   -1.94466551e+05,    2.28603461e+05,   -2.33283025e+05
   -7.19441657e+05,    6.78996817e+05,    7.59826276e+05
   -1.12509735e+06,   -5.01919379e+05,   -4.79041022e+05
   -2.53878861e+05,   -1.47448367e+05,   -1.68282033e+05
    9.78723564e+04,   -2.13688720e+05,   -5.45669636e+04
   -1.24546022e+06,   -5.91319159e+04,   -9.08245648e+04
    5.88128793e+04,    7.75367098e+05,    3.14187716e+04
   -6.89439791e+05,    1.01647788e+05,   -5.50849131e+05
   -6.94503435e+05,   -5.21285359e+05,   -3.97159164e+05
    1.36475110e+06,   -1.11536131e+06,   -1.62027147e+05
   -3.19379413e+05,    7.87137516e+05,   -8.06138313e+05
    2.93948245e+05,    2.04448195e+04,   -1.80282323e+05
    7.81612270e+05,    7.25932935e+05,    6.20545344e+05
   -4.93821788e+05,    2.99831822e+05,    7.74042039e+05
    1.49671149e+05,    1.21217129e+05,   -5.21418543e+05
    7.54591868e+04,    2.20816865e+05,   -1.26375045e+06
   -1.45147831e+05,    7.10629060e+05,   -9.09032833e+05
    1.65254870e+06,   -1.13297611e+06,   -6.38025942e+05
   -1.47689181e+06,   -2.00193961e+06,    4.27379661e+05
    5.76029708e+05,   -6.73237200e+05,    3.49127861e+05
   -2.60792367e+05,    4.64599251e+05,    1.47298014e+05
    1.03769671e+06,   -4.27525211e+04,   -8.39593741e+05
   -8.66770920e+05,   -5.83483531e+05,   -1.40236343e+06
   -2.50211377e+05,   -7.80762324e+05,   -4.58869637e+05
    3.83620202e+05,   -9.75018404e+05,   -1.46796734e+06
    2.26672251e+05,   -2.14644396e+05,   -8.29057345e+05
    4.58431488e+04,   -1.70422425e+06,   -2.65593204e+05
    3.54054478e+05,    9.06602590e+05,    3.42953874e+05
   -3.92269624e+03,    1.46987644e+06,    1.40930333e+05
   -1.79974621e+05,   -7.82253358e+05,    4.32654812e+04
    4.90666944e+05,   -3.73280563e+05,   -4.00939495e+05
    4.91024342e+05,   -1.65009261e+05,    2.98091739e+05
    5.66907566e+05,   -5.14704009e+05,   -2.95683786e+05
   -1.02597764e+06,   -1.39485441e+06,    1.98428711e+05
   -1.68581293e+05,    1.33196625e+06,   -9.76993105e+05
   -4.60382920e+05,   -7.98631393e+04,    1.29182262e+06
    2.16651922e+05,   -8.40190081e+05,   -9.33298777e+05
   -5.08674245e+05,    1.83995656e+06,    8.99747923e+05
   -1.22894948e+04,    1.64865079e+06,    8.39682264e+05
   -6.31084825e+04,    9.45583175e+04,   -4.62075008e+05
    9.90886590e+05,   -9.37825755e+05,    1.11826694e+06
   -9.31045492e+05,   -1.28541934e+06,   -2.38303208e+05
   -3.76486810e+05,   -1.93678283e+06,    5.61186784e+05
   -1.01723736e+06,   -4.69792660e+05,   -8.17125458e+05
    3.12453879e+05,    1.78046167e+05,    6.99407581e+05
   -1.08765504e+06,   -1.04264783e+06,   -4.40463907e+04
   -2.07939649e+05,   -3.78579697e+05,   -1.44940360e+05
    3.30983757e+05,   -4.94167126e+05,    6.41166342e+05
   -3.49000282e+05,   -6.47840094e+05,   -1.40248425e+06
   -8.73725574e+04,   -7.47274105e+05,    2.20607641e+05
    3.83642706e+05,   -8.54546146e+05,   -4.72942453e+05
    1.69175756e+06,   -1.22530414e+06,   -3.30538776e+05
    9.38198199e+05,    9.08236764e+05,    2.06370371e+05
    9.69667666e+05,    5.82004643e+05,   -7.33277482e+05
   -1.42726232e+05,    7.53204198e+05,    4.56636613e+05
    1.69327238e+06,   -1.34120721e+06,    3.03172142e+05
   -2.77740725e+05,    1.51025512e+06,    5.36519806e+05
    8.85712595e+04,   -1.71834181e+05,   -5.73044997e+05
   -9.95961450e+04,   -9.99204788e+05,   -5.49335551e+05
   -1.30219693e+06,   -5.30436078e+05,    1.26342895e+06
    3.68052627e+05,    6.47737196e+05,   -2.05602307e+05
   -2.49906271e+06,    6.31800575e+05,   -7.95330102e+05
   -1.04307646e+06,   -3.52550413e+05,    5.80148836e+05
    3.84146984e+05,    4.49255320e+05,    8.59758930e+05
    9.63906989e+04,    1.14413122e+05,   -1.17069443e+05
   -7.17789113e+04,   -2.44460629e+05,   -2.84900385e+04
   -6.49078848e+05,   -4.21813173e+05,   -3.70011485e+05
   -1.37151620e+06,    4.09567610e+05,   -5.64252628e+05
    2.91608143e+05,    3.22562462e+04,    3.36282566e+05
    5.91244029e+05,   -1.60282288e+05,   -1.19080876e+06
    4.50294438e+05,    7.98374310e+05,    2.53893278e+05
    1.57176874e+06,   -5.71563910e+05,   -9.93311015e+05
    5.05817754e+05,    2.82838910e+05,   -1.43754180e+06
   -3.18393351e+04,   -5.35956518e+05,   -3.34560416e+05
   -8.07416798e+05,    5.20110114e+05,   -8.52670530e+04
   -1.27119963e+05,    4.18762059e+05,   -1.46637135e+06
   -7.04208868e+05,   -1.43307548e+05,   -3.72188717e+05
    3.13355630e+05,   -5.94911682e+04,    1.84886714e+05
   -7.46500644e+05,    3.89156438e+05,   -2.11713048e+05
